{
   "calibration": [
      {
         "calibration": "lidar_01_to_camera_01",
         "calibration_type": "extrinsic",
         "T": [
            [
               -0.020750296976924987,
               -0.9997761985547564,
               0.00412043429381409,
               0.0579596671166778
            ],
            [
               -0.27807729735732306,
               0.0018126802207276693,
               -0.960556989920361,
               -0.11029806427220068
            ],
            [
               0.9603345468480329,
               -0.02107764203647089,
               -0.2780526769091894,
               0.48073174569073984
            ]
         ]
      },
      {
         "calibration": "radar_01_to_camera_01",
         "calibration_type": "extrinsic",
         "T": [
            [
               -0.018952659153503526,
               -0.9998198562238529,
               0.0010255786296974878,
               0.13738093150258723
            ],
            [
               -0.2723028446689349,
               0.004174800701390979,
               -0.9622025419963876,
               0.1979788006082126
            ],
            [
               0.9620249256106712,
               -0.01851556479339067,
               -0.27233291458096764,
               0.44229273890049825
            ]
         ]
      },
      {
         "calibration": "lidar_01_to_ground",
         "calibration_type": "extrinsic",
         "T": [
            [
               1.0,
               0.0,
               0.0,
               0.0
            ],
            [
               0.0,
               1.0,
               0.0,
               0.0
            ],
            [
               0.0,
               0.0,
               1.0,
               -3.5
            ]
         ]
      },
      {
         "calibration": "radar_01_to_lidar_01",
         "calibration_type": "extrinsic",
         "T": [
            [
               0.9999478106949096,
               0.007508565395046353,
               0.0069280106932002325,
               -0.09197622345924472
            ],
            [
               -0.007535849646488695,
               0.9999639193294806,
               0.003920587880540205,
               0.07630408443206471
            ],
            [
               -0.006898322735440996,
               -0.003972591714716398,
               0.9999683153272937,
               -0.26232729583635583
            ]
         ]
      },
      {
         "calibration": "camera_01",
         "calibration_type": "intrinsic",
         "k": [
            [
               1377.000364,
               0,
               968.488266
            ],
            [
               0,
               1378.269269,
               589.9532
            ],
            [
               0,
               0,
               1
            ]
         ],
         "D": [
            -0.142604,
            0.0957,
            0.000602,
            0.00019,
            0
         ]
      }
   ]
}